def proj(clause):
    signs = [l < 0 for l in clause]
    return {'[True, False, True]': [[0.9971919551166588, 0.002808044883341146, 0.01169634870698445, -0.01169634870698445, 0.0006741519310338119, -0.0006741519310338119, -0.0028080448833411476, 0.0028080448833411476, 0.01169634870698445, -0.01169634870698445, -0.048718798580099684, 0.048718798580099684, -0.002808044883341148, 0.002808044883341148, 0.01169634870698446, -0.01169634870698446], [0.002808044883341146, 0.9971919551166588, -0.01169634870698445, 0.01169634870698445, -0.0006741519310338119, 0.0006741519310338119, 0.0028080448833411476, -0.0028080448833411476, -0.01169634870698445, 0.01169634870698445, 0.048718798580099684, -0.048718798580099684, 0.002808044883341148, -0.002808044883341148, -0.01169634870698446, 0.01169634870698446], [0.01169634870698445, -0.01169634870698445, 0.9512812014199004, 0.048718798580099684, -0.002808044883341148, 0.002808044883341148, 0.011696348706984458, -0.011696348706984458, -0.048718798580099684, 0.048718798580099684, 0.2029284005247706, -0.2029284005247706, 0.01169634870698446, -0.01169634870698446, -0.048718798580099726, 0.048718798580099726], [-0.01169634870698445, 0.01169634870698445, 0.048718798580099684, 0.9512812014199004, 0.002808044883341148, -0.002808044883341148, -0.011696348706984458, 0.011696348706984458, 0.048718798580099684, -0.048718798580099684, -0.2029284005247706, 0.2029284005247706, -0.01169634870698446, 0.01169634870698446, 0.048718798580099726, -0.048718798580099726], [0.0006741519310338119, -0.0006741519310338119, -0.002808044883341148, 0.002808044883341148, 0.9998381504409659, 0.00016184955903406162, 0.0006741519310338123, -0.0006741519310338123, -0.002808044883341148, 0.002808044883341148, 0.011696348706984458, -0.011696348706984458, 0.0006741519310338124, -0.0006741519310338124, -0.0028080448833411502, 0.0028080448833411502], [-0.0006741519310338119, 0.0006741519310338119, 0.002808044883341148, -0.002808044883341148, 0.00016184955903406162, 0.9998381504409659, -0.0006741519310338123, 0.0006741519310338123, 0.002808044883341148, -0.002808044883341148, -0.011696348706984458, 0.011696348706984458, -0.0006741519310338124, 0.0006741519310338124, 0.0028080448833411502, -0.0028080448833411502], [-0.0028080448833411476, 0.0028080448833411476, 0.011696348706984458, -0.011696348706984458, 0.0006741519310338123, -0.0006741519310338123, 0.9971919551166588, 0.00280804488334115, 0.011696348706984458, -0.011696348706984458, -0.04871879858009972, 0.04871879858009972, -0.00280804488334115, 0.00280804488334115, 0.011696348706984466, -0.011696348706984466], [0.0028080448833411476, -0.0028080448833411476, -0.011696348706984458, 0.011696348706984458, -0.0006741519310338123, 0.0006741519310338123, 0.00280804488334115, 0.9971919551166588, -0.011696348706984458, 0.011696348706984458, 0.04871879858009972, -0.04871879858009972, 0.00280804488334115, -0.00280804488334115, -0.011696348706984466, 0.011696348706984466], [0.01169634870698445, -0.01169634870698445, -0.048718798580099684, 0.048718798580099684, -0.002808044883341148, 0.002808044883341148, 0.011696348706984458, -0.011696348706984458, 0.9512812014199004, 0.048718798580099684, 0.2029284005247706, -0.2029284005247706, 0.01169634870698446, -0.01169634870698446, -0.048718798580099726, 0.048718798580099726], [-0.01169634870698445, 0.01169634870698445, 0.048718798580099684, -0.048718798580099684, 0.002808044883341148, -0.002808044883341148, -0.011696348706984458, 0.011696348706984458, 0.048718798580099684, 0.9512812014199004, -0.2029284005247706, 0.2029284005247706, -0.01169634870698446, 0.01169634870698446, 0.048718798580099726, -0.048718798580099726], [-0.048718798580099684, 0.048718798580099684, 0.2029284005247706, -0.2029284005247706, 0.011696348706984458, -0.011696348706984458, -0.04871879858009972, 0.04871879858009972, 0.2029284005247706, -0.2029284005247706, 0.1547423799493568, 0.8452576200506432, -0.048718798580099726, 0.048718798580099726, 0.20292840052477076, -0.20292840052477076], [0.048718798580099684, -0.048718798580099684, -0.2029284005247706, 0.2029284005247706, -0.011696348706984458, 0.011696348706984458, 0.04871879858009972, -0.04871879858009972, -0.2029284005247706, 0.2029284005247706, 0.8452576200506432, 0.1547423799493568, 0.048718798580099726, -0.048718798580099726, -0.20292840052477076, 0.20292840052477076], [-0.002808044883341148, 0.002808044883341148, 0.01169634870698446, -0.01169634870698446, 0.0006741519310338124, -0.0006741519310338124, -0.00280804488334115, 0.00280804488334115, 0.01169634870698446, -0.01169634870698446, -0.048718798580099726, 0.048718798580099726, 0.9971919551166588, 0.0028080448833411502, 0.011696348706984468, -0.011696348706984468], [0.002808044883341148, -0.002808044883341148, -0.01169634870698446, 0.01169634870698446, -0.0006741519310338124, 0.0006741519310338124, 0.00280804488334115, -0.00280804488334115, -0.01169634870698446, 0.01169634870698446, 0.048718798580099726, -0.048718798580099726, 0.0028080448833411502, 0.9971919551166588, -0.011696348706984468, 0.011696348706984468], [0.01169634870698446, -0.01169634870698446, -0.048718798580099726, 0.048718798580099726, -0.0028080448833411502, 0.0028080448833411502, 0.011696348706984466, -0.011696348706984466, -0.048718798580099726, 0.048718798580099726, 0.20292840052477076, -0.20292840052477076, 0.011696348706984468, -0.011696348706984468, 0.9512812014199002, 0.04871879858009976], [-0.01169634870698446, 0.01169634870698446, 0.048718798580099726, -0.048718798580099726, 0.0028080448833411502, -0.0028080448833411502, -0.011696348706984466, 0.011696348706984466, 0.048718798580099726, -0.048718798580099726, -0.20292840052477076, 0.20292840052477076, -0.011696348706984468, 0.011696348706984468, 0.04871879858009976, 0.9512812014199002]], '[True, True, False]': [[0.9971919551166588, 0.002808044883341145, 0.0006741519310338118, -0.0006741519310338118, 0.011696348706984449, -0.011696348706984449, -0.0028080448833411476, 0.0028080448833411476, 0.011696348706984449, -0.011696348706984449, -0.0028080448833411476, 0.0028080448833411476, -0.04871879858009968, 0.04871879858009968, 0.011696348706984458, -0.011696348706984458], [0.002808044883341145, 0.9971919551166588, -0.0006741519310338118, 0.0006741519310338118, -0.011696348706984449, 0.011696348706984449, 0.0028080448833411476, -0.0028080448833411476, -0.011696348706984449, 0.011696348706984449, 0.0028080448833411476, -0.0028080448833411476, 0.04871879858009968, -0.04871879858009968, -0.011696348706984458, 0.011696348706984458], [0.0006741519310338118, -0.0006741519310338118, 0.9998381504409659, 0.00016184955903406162, -0.002808044883341148, 0.002808044883341148, 0.0006741519310338124, -0.0006741519310338124, -0.002808044883341148, 0.002808044883341148, 0.0006741519310338124, -0.0006741519310338124, 0.011696348706984458, -0.011696348706984458, -0.0028080448833411502, 0.0028080448833411502], [-0.0006741519310338118, 0.0006741519310338118, 0.00016184955903406162, 0.9998381504409659, 0.002808044883341148, -0.002808044883341148, -0.0006741519310338124, 0.0006741519310338124, 0.002808044883341148, -0.002808044883341148, -0.0006741519310338124, 0.0006741519310338124, -0.011696348706984458, 0.011696348706984458, 0.0028080448833411502, -0.0028080448833411502], [0.011696348706984449, -0.011696348706984449, -0.002808044883341148, 0.002808044883341148, 0.9512812014199004, 0.048718798580099684, 0.01169634870698446, -0.01169634870698446, -0.048718798580099684, 0.048718798580099684, 0.01169634870698446, -0.01169634870698446, 0.2029284005247706, -0.2029284005247706, -0.048718798580099726, 0.048718798580099726], [-0.011696348706984449, 0.011696348706984449, 0.002808044883341148, -0.002808044883341148, 0.048718798580099684, 0.9512812014199004, -0.01169634870698446, 0.01169634870698446, 0.048718798580099684, -0.048718798580099684, -0.01169634870698446, 0.01169634870698446, -0.2029284005247706, 0.2029284005247706, 0.048718798580099726, -0.048718798580099726], [-0.0028080448833411476, 0.0028080448833411476, 0.0006741519310338124, -0.0006741519310338124, 0.01169634870698446, -0.01169634870698446, 0.9971919551166588, 0.0028080448833411502, 0.01169634870698446, -0.01169634870698446, -0.0028080448833411502, 0.0028080448833411502, -0.048718798580099726, 0.048718798580099726, 0.011696348706984468, -0.011696348706984468], [0.0028080448833411476, -0.0028080448833411476, -0.0006741519310338124, 0.0006741519310338124, -0.01169634870698446, 0.01169634870698446, 0.0028080448833411502, 0.9971919551166588, -0.01169634870698446, 0.01169634870698446, 0.0028080448833411502, -0.0028080448833411502, 0.048718798580099726, -0.048718798580099726, -0.011696348706984468, 0.011696348706984468], [0.011696348706984449, -0.011696348706984449, -0.002808044883341148, 0.002808044883341148, -0.048718798580099684, 0.048718798580099684, 0.01169634870698446, -0.01169634870698446, 0.9512812014199004, 0.048718798580099684, 0.01169634870698446, -0.01169634870698446, 0.2029284005247706, -0.2029284005247706, -0.048718798580099726, 0.048718798580099726], [-0.011696348706984449, 0.011696348706984449, 0.002808044883341148, -0.002808044883341148, 0.048718798580099684, -0.048718798580099684, -0.01169634870698446, 0.01169634870698446, 0.048718798580099684, 0.9512812014199004, -0.01169634870698446, 0.01169634870698446, -0.2029284005247706, 0.2029284005247706, 0.048718798580099726, -0.048718798580099726], [-0.0028080448833411476, 0.0028080448833411476, 0.0006741519310338124, -0.0006741519310338124, 0.01169634870698446, -0.01169634870698446, -0.0028080448833411502, 0.0028080448833411502, 0.01169634870698446, -0.01169634870698446, 0.9971919551166588, 0.0028080448833411502, -0.048718798580099726, 0.048718798580099726, 0.011696348706984468, -0.011696348706984468], [0.0028080448833411476, -0.0028080448833411476, -0.0006741519310338124, 0.0006741519310338124, -0.01169634870698446, 0.01169634870698446, 0.0028080448833411502, -0.0028080448833411502, -0.01169634870698446, 0.01169634870698446, 0.0028080448833411502, 0.9971919551166588, 0.048718798580099726, -0.048718798580099726, -0.011696348706984468, 0.011696348706984468], [-0.04871879858009968, 0.04871879858009968, 0.011696348706984458, -0.011696348706984458, 0.2029284005247706, -0.2029284005247706, -0.048718798580099726, 0.048718798580099726, 0.2029284005247706, -0.2029284005247706, -0.048718798580099726, 0.048718798580099726, 0.1547423799493568, 0.8452576200506432, 0.20292840052477076, -0.20292840052477076], [0.04871879858009968, -0.04871879858009968, -0.011696348706984458, 0.011696348706984458, -0.2029284005247706, 0.2029284005247706, 0.048718798580099726, -0.048718798580099726, -0.2029284005247706, 0.2029284005247706, 0.048718798580099726, -0.048718798580099726, 0.8452576200506432, 0.1547423799493568, -0.20292840052477076, 0.20292840052477076], [0.011696348706984458, -0.011696348706984458, -0.0028080448833411502, 0.0028080448833411502, -0.048718798580099726, 0.048718798580099726, 0.011696348706984468, -0.011696348706984468, -0.048718798580099726, 0.048718798580099726, 0.011696348706984468, -0.011696348706984468, 0.20292840052477076, -0.20292840052477076, 0.9512812014199002, 0.04871879858009976], [-0.011696348706984458, 0.011696348706984458, 0.0028080448833411502, -0.0028080448833411502, 0.048718798580099726, -0.048718798580099726, -0.011696348706984468, 0.011696348706984468, 0.048718798580099726, -0.048718798580099726, -0.011696348706984468, 0.011696348706984468, -0.20292840052477076, 0.20292840052477076, 0.04871879858009976, 0.9512812014199002]], '[False, True, False]': [[0.9512812014199004, 0.048718798580099684, 0.01169634870698446, -0.01169634870698446, 0.2029284005247706, -0.2029284005247706, -0.048718798580099726, 0.048718798580099726, 0.011696348706984458, -0.011696348706984458, -0.00280804488334115, 0.00280804488334115, -0.048718798580099726, 0.048718798580099726, 0.011696348706984466, -0.011696348706984466], [0.048718798580099684, 0.9512812014199004, -0.01169634870698446, 0.01169634870698446, -0.2029284005247706, 0.2029284005247706, 0.048718798580099726, -0.048718798580099726, -0.011696348706984458, 0.011696348706984458, 0.00280804488334115, -0.00280804488334115, 0.048718798580099726, -0.048718798580099726, -0.011696348706984466, 0.011696348706984466], [0.01169634870698446, -0.01169634870698446, 0.9971919551166588, 0.0028080448833411502, -0.048718798580099726, 0.048718798580099726, 0.011696348706984468, -0.011696348706984468, -0.00280804488334115, 0.00280804488334115, 0.0006741519310338129, -0.0006741519310338129, 0.011696348706984468, -0.011696348706984468, -0.0028080448833411524, 0.0028080448833411524], [-0.01169634870698446, 0.01169634870698446, 0.0028080448833411502, 0.9971919551166588, 0.048718798580099726, -0.048718798580099726, -0.011696348706984468, 0.011696348706984468, 0.00280804488334115, -0.00280804488334115, -0.0006741519310338129, 0.0006741519310338129, -0.011696348706984468, 0.011696348706984468, 0.0028080448833411524, -0.0028080448833411524], [0.2029284005247706, -0.2029284005247706, -0.048718798580099726, 0.048718798580099726, 0.1547423799493568, 0.8452576200506432, 0.20292840052477076, -0.20292840052477076, -0.04871879858009972, 0.04871879858009972, 0.011696348706984466, -0.011696348706984466, 0.20292840052477076, -0.20292840052477076, -0.048718798580099754, 0.048718798580099754], [-0.2029284005247706, 0.2029284005247706, 0.048718798580099726, -0.048718798580099726, 0.8452576200506432, 0.1547423799493568, -0.20292840052477076, 0.20292840052477076, 0.04871879858009972, -0.04871879858009972, -0.011696348706984466, 0.011696348706984466, -0.20292840052477076, 0.20292840052477076, 0.048718798580099754, -0.048718798580099754], [-0.048718798580099726, 0.048718798580099726, 0.011696348706984468, -0.011696348706984468, 0.20292840052477076, -0.20292840052477076, 0.9512812014199002, 0.04871879858009976, 0.011696348706984466, -0.011696348706984466, -0.002808044883341152, 0.002808044883341152, -0.04871879858009976, 0.04871879858009976, 0.011696348706984475, -0.011696348706984475], [0.048718798580099726, -0.048718798580099726, -0.011696348706984468, 0.011696348706984468, -0.20292840052477076, 0.20292840052477076, 0.04871879858009976, 0.9512812014199002, -0.011696348706984466, 0.011696348706984466, 0.002808044883341152, -0.002808044883341152, 0.04871879858009976, -0.04871879858009976, -0.011696348706984475, 0.011696348706984475], [0.011696348706984458, -0.011696348706984458, -0.00280804488334115, 0.00280804488334115, -0.04871879858009972, 0.04871879858009972, 0.011696348706984466, -0.011696348706984466, 0.9971919551166588, 0.00280804488334115, 0.0006741519310338128, -0.0006741519310338128, 0.011696348706984466, -0.011696348706984466, -0.002808044883341152, 0.002808044883341152], [-0.011696348706984458, 0.011696348706984458, 0.00280804488334115, -0.00280804488334115, 0.04871879858009972, -0.04871879858009972, -0.011696348706984466, 0.011696348706984466, 0.00280804488334115, 0.9971919551166588, -0.0006741519310338128, 0.0006741519310338128, -0.011696348706984466, 0.011696348706984466, 0.002808044883341152, -0.002808044883341152], [-0.00280804488334115, 0.00280804488334115, 0.0006741519310338129, -0.0006741519310338129, 0.011696348706984466, -0.011696348706984466, -0.002808044883341152, 0.002808044883341152, 0.0006741519310338128, -0.0006741519310338128, 0.9998381504409659, 0.00016184955903406184, -0.002808044883341152, 0.002808044883341152, 0.0006741519310338133, -0.0006741519310338133], [0.00280804488334115, -0.00280804488334115, -0.0006741519310338129, 0.0006741519310338129, -0.011696348706984466, 0.011696348706984466, 0.002808044883341152, -0.002808044883341152, -0.0006741519310338128, 0.0006741519310338128, 0.00016184955903406184, 0.9998381504409659, 0.002808044883341152, -0.002808044883341152, -0.0006741519310338133, 0.0006741519310338133], [-0.048718798580099726, 0.048718798580099726, 0.011696348706984468, -0.011696348706984468, 0.20292840052477076, -0.20292840052477076, -0.04871879858009976, 0.04871879858009976, 0.011696348706984466, -0.011696348706984466, -0.002808044883341152, 0.002808044883341152, 0.9512812014199002, 0.04871879858009976, 0.011696348706984475, -0.011696348706984475], [0.048718798580099726, -0.048718798580099726, -0.011696348706984468, 0.011696348706984468, -0.20292840052477076, 0.20292840052477076, 0.04871879858009976, -0.04871879858009976, -0.011696348706984466, 0.011696348706984466, 0.002808044883341152, -0.002808044883341152, 0.04871879858009976, 0.9512812014199002, -0.011696348706984475, 0.011696348706984475], [0.011696348706984466, -0.011696348706984466, -0.0028080448833411524, 0.0028080448833411524, -0.048718798580099754, 0.048718798580099754, 0.011696348706984475, -0.011696348706984475, -0.002808044883341152, 0.002808044883341152, 0.0006741519310338133, -0.0006741519310338133, 0.011696348706984475, -0.011696348706984475, 0.9971919551166588, 0.002808044883341154], [-0.011696348706984466, 0.011696348706984466, 0.0028080448833411524, -0.0028080448833411524, 0.048718798580099754, -0.048718798580099754, -0.011696348706984475, 0.011696348706984475, 0.002808044883341152, -0.002808044883341152, -0.0006741519310338133, 0.0006741519310338133, -0.011696348706984475, 0.011696348706984475, 0.002808044883341154, 0.9971919551166588]], '[False, True, True]': [[0.9971919551166588, 0.002808044883341146, 0.01169634870698445, -0.01169634870698445, 0.01169634870698445, -0.01169634870698445, -0.048718798580099684, 0.048718798580099684, 0.0006741519310338119, -0.0006741519310338119, -0.0028080448833411476, 0.0028080448833411476, -0.002808044883341148, 0.002808044883341148, 0.01169634870698446, -0.01169634870698446], [0.002808044883341146, 0.9971919551166588, -0.01169634870698445, 0.01169634870698445, -0.01169634870698445, 0.01169634870698445, 0.048718798580099684, -0.048718798580099684, -0.0006741519310338119, 0.0006741519310338119, 0.0028080448833411476, -0.0028080448833411476, 0.002808044883341148, -0.002808044883341148, -0.01169634870698446, 0.01169634870698446], [0.01169634870698445, -0.01169634870698445, 0.9512812014199004, 0.048718798580099684, -0.048718798580099684, 0.048718798580099684, 0.2029284005247706, -0.2029284005247706, -0.002808044883341148, 0.002808044883341148, 0.011696348706984458, -0.011696348706984458, 0.01169634870698446, -0.01169634870698446, -0.048718798580099726, 0.048718798580099726], [-0.01169634870698445, 0.01169634870698445, 0.048718798580099684, 0.9512812014199004, 0.048718798580099684, -0.048718798580099684, -0.2029284005247706, 0.2029284005247706, 0.002808044883341148, -0.002808044883341148, -0.011696348706984458, 0.011696348706984458, -0.01169634870698446, 0.01169634870698446, 0.048718798580099726, -0.048718798580099726], [0.01169634870698445, -0.01169634870698445, -0.048718798580099684, 0.048718798580099684, 0.9512812014199004, 0.048718798580099684, 0.2029284005247706, -0.2029284005247706, -0.002808044883341148, 0.002808044883341148, 0.011696348706984458, -0.011696348706984458, 0.01169634870698446, -0.01169634870698446, -0.048718798580099726, 0.048718798580099726], [-0.01169634870698445, 0.01169634870698445, 0.048718798580099684, -0.048718798580099684, 0.048718798580099684, 0.9512812014199004, -0.2029284005247706, 0.2029284005247706, 0.002808044883341148, -0.002808044883341148, -0.011696348706984458, 0.011696348706984458, -0.01169634870698446, 0.01169634870698446, 0.048718798580099726, -0.048718798580099726], [-0.048718798580099684, 0.048718798580099684, 0.2029284005247706, -0.2029284005247706, 0.2029284005247706, -0.2029284005247706, 0.1547423799493568, 0.8452576200506432, 0.011696348706984458, -0.011696348706984458, -0.04871879858009972, 0.04871879858009972, -0.048718798580099726, 0.048718798580099726, 0.20292840052477076, -0.20292840052477076], [0.048718798580099684, -0.048718798580099684, -0.2029284005247706, 0.2029284005247706, -0.2029284005247706, 0.2029284005247706, 0.8452576200506432, 0.1547423799493568, -0.011696348706984458, 0.011696348706984458, 0.04871879858009972, -0.04871879858009972, 0.048718798580099726, -0.048718798580099726, -0.20292840052477076, 0.20292840052477076], [0.0006741519310338119, -0.0006741519310338119, -0.002808044883341148, 0.002808044883341148, -0.002808044883341148, 0.002808044883341148, 0.011696348706984458, -0.011696348706984458, 0.9998381504409659, 0.00016184955903406162, 0.0006741519310338123, -0.0006741519310338123, 0.0006741519310338124, -0.0006741519310338124, -0.0028080448833411502, 0.0028080448833411502], [-0.0006741519310338119, 0.0006741519310338119, 0.002808044883341148, -0.002808044883341148, 0.002808044883341148, -0.002808044883341148, -0.011696348706984458, 0.011696348706984458, 0.00016184955903406162, 0.9998381504409659, -0.0006741519310338123, 0.0006741519310338123, -0.0006741519310338124, 0.0006741519310338124, 0.0028080448833411502, -0.0028080448833411502], [-0.0028080448833411476, 0.0028080448833411476, 0.011696348706984458, -0.011696348706984458, 0.011696348706984458, -0.011696348706984458, -0.04871879858009972, 0.04871879858009972, 0.0006741519310338123, -0.0006741519310338123, 0.9971919551166588, 0.00280804488334115, -0.00280804488334115, 0.00280804488334115, 0.011696348706984466, -0.011696348706984466], [0.0028080448833411476, -0.0028080448833411476, -0.011696348706984458, 0.011696348706984458, -0.011696348706984458, 0.011696348706984458, 0.04871879858009972, -0.04871879858009972, -0.0006741519310338123, 0.0006741519310338123, 0.00280804488334115, 0.9971919551166588, 0.00280804488334115, -0.00280804488334115, -0.011696348706984466, 0.011696348706984466], [-0.002808044883341148, 0.002808044883341148, 0.01169634870698446, -0.01169634870698446, 0.01169634870698446, -0.01169634870698446, -0.048718798580099726, 0.048718798580099726, 0.0006741519310338124, -0.0006741519310338124, -0.00280804488334115, 0.00280804488334115, 0.9971919551166588, 0.0028080448833411502, 0.011696348706984468, -0.011696348706984468], [0.002808044883341148, -0.002808044883341148, -0.01169634870698446, 0.01169634870698446, -0.01169634870698446, 0.01169634870698446, 0.048718798580099726, -0.048718798580099726, -0.0006741519310338124, 0.0006741519310338124, 0.00280804488334115, -0.00280804488334115, 0.0028080448833411502, 0.9971919551166588, -0.011696348706984468, 0.011696348706984468], [0.01169634870698446, -0.01169634870698446, -0.048718798580099726, 0.048718798580099726, -0.048718798580099726, 0.048718798580099726, 0.20292840052477076, -0.20292840052477076, -0.0028080448833411502, 0.0028080448833411502, 0.011696348706984466, -0.011696348706984466, 0.011696348706984468, -0.011696348706984468, 0.9512812014199002, 0.04871879858009976], [-0.01169634870698446, 0.01169634870698446, 0.048718798580099726, -0.048718798580099726, 0.048718798580099726, -0.048718798580099726, -0.20292840052477076, 0.20292840052477076, 0.0028080448833411502, -0.0028080448833411502, -0.011696348706984466, 0.011696348706984466, -0.011696348706984468, 0.011696348706984468, 0.04871879858009976, 0.9512812014199002]], '[True, False, False]': [[0.9512812014199004, 0.048718798580099684, 0.01169634870698446, -0.01169634870698446, 0.011696348706984458, -0.011696348706984458, -0.00280804488334115, 0.00280804488334115, 0.2029284005247706, -0.2029284005247706, -0.048718798580099726, 0.048718798580099726, -0.048718798580099726, 0.048718798580099726, 0.011696348706984466, -0.011696348706984466], [0.048718798580099684, 0.9512812014199004, -0.01169634870698446, 0.01169634870698446, -0.011696348706984458, 0.011696348706984458, 0.00280804488334115, -0.00280804488334115, -0.2029284005247706, 0.2029284005247706, 0.048718798580099726, -0.048718798580099726, 0.048718798580099726, -0.048718798580099726, -0.011696348706984466, 0.011696348706984466], [0.01169634870698446, -0.01169634870698446, 0.9971919551166588, 0.0028080448833411502, -0.00280804488334115, 0.00280804488334115, 0.0006741519310338129, -0.0006741519310338129, -0.048718798580099726, 0.048718798580099726, 0.011696348706984468, -0.011696348706984468, 0.011696348706984468, -0.011696348706984468, -0.0028080448833411524, 0.0028080448833411524], [-0.01169634870698446, 0.01169634870698446, 0.0028080448833411502, 0.9971919551166588, 0.00280804488334115, -0.00280804488334115, -0.0006741519310338129, 0.0006741519310338129, 0.048718798580099726, -0.048718798580099726, -0.011696348706984468, 0.011696348706984468, -0.011696348706984468, 0.011696348706984468, 0.0028080448833411524, -0.0028080448833411524], [0.011696348706984458, -0.011696348706984458, -0.00280804488334115, 0.00280804488334115, 0.9971919551166588, 0.00280804488334115, 0.0006741519310338128, -0.0006741519310338128, -0.04871879858009972, 0.04871879858009972, 0.011696348706984466, -0.011696348706984466, 0.011696348706984466, -0.011696348706984466, -0.002808044883341152, 0.002808044883341152], [-0.011696348706984458, 0.011696348706984458, 0.00280804488334115, -0.00280804488334115, 0.00280804488334115, 0.9971919551166588, -0.0006741519310338128, 0.0006741519310338128, 0.04871879858009972, -0.04871879858009972, -0.011696348706984466, 0.011696348706984466, -0.011696348706984466, 0.011696348706984466, 0.002808044883341152, -0.002808044883341152], [-0.00280804488334115, 0.00280804488334115, 0.0006741519310338129, -0.0006741519310338129, 0.0006741519310338128, -0.0006741519310338128, 0.9998381504409659, 0.00016184955903406184, 0.011696348706984466, -0.011696348706984466, -0.002808044883341152, 0.002808044883341152, -0.002808044883341152, 0.002808044883341152, 0.0006741519310338133, -0.0006741519310338133], [0.00280804488334115, -0.00280804488334115, -0.0006741519310338129, 0.0006741519310338129, -0.0006741519310338128, 0.0006741519310338128, 0.00016184955903406184, 0.9998381504409659, -0.011696348706984466, 0.011696348706984466, 0.002808044883341152, -0.002808044883341152, 0.002808044883341152, -0.002808044883341152, -0.0006741519310338133, 0.0006741519310338133], [0.2029284005247706, -0.2029284005247706, -0.048718798580099726, 0.048718798580099726, -0.04871879858009972, 0.04871879858009972, 0.011696348706984466, -0.011696348706984466, 0.1547423799493568, 0.8452576200506432, 0.20292840052477076, -0.20292840052477076, 0.20292840052477076, -0.20292840052477076, -0.048718798580099754, 0.048718798580099754], [-0.2029284005247706, 0.2029284005247706, 0.048718798580099726, -0.048718798580099726, 0.04871879858009972, -0.04871879858009972, -0.011696348706984466, 0.011696348706984466, 0.8452576200506432, 0.1547423799493568, -0.20292840052477076, 0.20292840052477076, -0.20292840052477076, 0.20292840052477076, 0.048718798580099754, -0.048718798580099754], [-0.048718798580099726, 0.048718798580099726, 0.011696348706984468, -0.011696348706984468, 0.011696348706984466, -0.011696348706984466, -0.002808044883341152, 0.002808044883341152, 0.20292840052477076, -0.20292840052477076, 0.9512812014199002, 0.04871879858009976, -0.04871879858009976, 0.04871879858009976, 0.011696348706984475, -0.011696348706984475], [0.048718798580099726, -0.048718798580099726, -0.011696348706984468, 0.011696348706984468, -0.011696348706984466, 0.011696348706984466, 0.002808044883341152, -0.002808044883341152, -0.20292840052477076, 0.20292840052477076, 0.04871879858009976, 0.9512812014199002, 0.04871879858009976, -0.04871879858009976, -0.011696348706984475, 0.011696348706984475], [-0.048718798580099726, 0.048718798580099726, 0.011696348706984468, -0.011696348706984468, 0.011696348706984466, -0.011696348706984466, -0.002808044883341152, 0.002808044883341152, 0.20292840052477076, -0.20292840052477076, -0.04871879858009976, 0.04871879858009976, 0.9512812014199002, 0.04871879858009976, 0.011696348706984475, -0.011696348706984475], [0.048718798580099726, -0.048718798580099726, -0.011696348706984468, 0.011696348706984468, -0.011696348706984466, 0.011696348706984466, 0.002808044883341152, -0.002808044883341152, -0.20292840052477076, 0.20292840052477076, 0.04871879858009976, -0.04871879858009976, 0.04871879858009976, 0.9512812014199002, -0.011696348706984475, 0.011696348706984475], [0.011696348706984466, -0.011696348706984466, -0.0028080448833411524, 0.0028080448833411524, -0.002808044883341152, 0.002808044883341152, 0.0006741519310338133, -0.0006741519310338133, -0.048718798580099754, 0.048718798580099754, 0.011696348706984475, -0.011696348706984475, 0.011696348706984475, -0.011696348706984475, 0.9971919551166588, 0.002808044883341154], [-0.011696348706984466, 0.011696348706984466, 0.0028080448833411524, -0.0028080448833411524, 0.002808044883341152, -0.002808044883341152, -0.0006741519310338133, 0.0006741519310338133, 0.048718798580099754, -0.048718798580099754, -0.011696348706984475, 0.011696348706984475, -0.011696348706984475, 0.011696348706984475, 0.002808044883341154, 0.9971919551166588]], '[True, True, True]': [[0.9998381504409659, 0.00016184955903406135, 0.0006741519310338112, -0.0006741519310338112, 0.0006741519310338114, -0.0006741519310338114, -0.002808044883341146, 0.002808044883341146, 0.0006741519310338114, -0.0006741519310338114, -0.002808044883341146, 0.002808044883341146, -0.002808044883341146, 0.002808044883341146, 0.011696348706984449, -0.011696348706984449], [0.00016184955903406135, 0.9998381504409659, -0.0006741519310338112, 0.0006741519310338112, -0.0006741519310338114, 0.0006741519310338114, 0.002808044883341146, -0.002808044883341146, -0.0006741519310338114, 0.0006741519310338114, 0.002808044883341146, -0.002808044883341146, 0.002808044883341146, -0.002808044883341146, -0.011696348706984449, 0.011696348706984449], [0.0006741519310338112, -0.0006741519310338112, 0.9971919551166588, 0.002808044883341145, -0.0028080448833411454, 0.0028080448833411454, 0.011696348706984449, -0.011696348706984449, -0.0028080448833411454, 0.0028080448833411454, 0.011696348706984449, -0.011696348706984449, 0.011696348706984449, -0.011696348706984449, -0.04871879858009968, 0.04871879858009968], [-0.0006741519310338112, 0.0006741519310338112, 0.002808044883341145, 0.9971919551166588, 0.0028080448833411454, -0.0028080448833411454, -0.011696348706984449, 0.011696348706984449, 0.0028080448833411454, -0.0028080448833411454, -0.011696348706984449, 0.011696348706984449, -0.011696348706984449, 0.011696348706984449, 0.04871879858009968, -0.04871879858009968], [0.0006741519310338114, -0.0006741519310338114, -0.0028080448833411454, 0.0028080448833411454, 0.9971919551166588, 0.002808044883341146, 0.01169634870698445, -0.01169634870698445, -0.002808044883341146, 0.002808044883341146, 0.01169634870698445, -0.01169634870698445, 0.01169634870698445, -0.01169634870698445, -0.048718798580099684, 0.048718798580099684], [-0.0006741519310338114, 0.0006741519310338114, 0.0028080448833411454, -0.0028080448833411454, 0.002808044883341146, 0.9971919551166588, -0.01169634870698445, 0.01169634870698445, 0.002808044883341146, -0.002808044883341146, -0.01169634870698445, 0.01169634870698445, -0.01169634870698445, 0.01169634870698445, 0.048718798580099684, -0.048718798580099684], [-0.002808044883341146, 0.002808044883341146, 0.011696348706984449, -0.011696348706984449, 0.01169634870698445, -0.01169634870698445, 0.9512812014199004, 0.048718798580099684, 0.01169634870698445, -0.01169634870698445, -0.048718798580099684, 0.048718798580099684, -0.048718798580099684, 0.048718798580099684, 0.2029284005247706, -0.2029284005247706], [0.002808044883341146, -0.002808044883341146, -0.011696348706984449, 0.011696348706984449, -0.01169634870698445, 0.01169634870698445, 0.048718798580099684, 0.9512812014199004, -0.01169634870698445, 0.01169634870698445, 0.048718798580099684, -0.048718798580099684, 0.048718798580099684, -0.048718798580099684, -0.2029284005247706, 0.2029284005247706], [0.0006741519310338114, -0.0006741519310338114, -0.0028080448833411454, 0.0028080448833411454, -0.002808044883341146, 0.002808044883341146, 0.01169634870698445, -0.01169634870698445, 0.9971919551166588, 0.002808044883341146, 0.01169634870698445, -0.01169634870698445, 0.01169634870698445, -0.01169634870698445, -0.048718798580099684, 0.048718798580099684], [-0.0006741519310338114, 0.0006741519310338114, 0.0028080448833411454, -0.0028080448833411454, 0.002808044883341146, -0.002808044883341146, -0.01169634870698445, 0.01169634870698445, 0.002808044883341146, 0.9971919551166588, -0.01169634870698445, 0.01169634870698445, -0.01169634870698445, 0.01169634870698445, 0.048718798580099684, -0.048718798580099684], [-0.002808044883341146, 0.002808044883341146, 0.011696348706984449, -0.011696348706984449, 0.01169634870698445, -0.01169634870698445, -0.048718798580099684, 0.048718798580099684, 0.01169634870698445, -0.01169634870698445, 0.9512812014199004, 0.048718798580099684, -0.048718798580099684, 0.048718798580099684, 0.2029284005247706, -0.2029284005247706], [0.002808044883341146, -0.002808044883341146, -0.011696348706984449, 0.011696348706984449, -0.01169634870698445, 0.01169634870698445, 0.048718798580099684, -0.048718798580099684, -0.01169634870698445, 0.01169634870698445, 0.048718798580099684, 0.9512812014199004, 0.048718798580099684, -0.048718798580099684, -0.2029284005247706, 0.2029284005247706], [-0.002808044883341146, 0.002808044883341146, 0.011696348706984449, -0.011696348706984449, 0.01169634870698445, -0.01169634870698445, -0.048718798580099684, 0.048718798580099684, 0.01169634870698445, -0.01169634870698445, -0.048718798580099684, 0.048718798580099684, 0.9512812014199004, 0.048718798580099684, 0.2029284005247706, -0.2029284005247706], [0.002808044883341146, -0.002808044883341146, -0.011696348706984449, 0.011696348706984449, -0.01169634870698445, 0.01169634870698445, 0.048718798580099684, -0.048718798580099684, -0.01169634870698445, 0.01169634870698445, 0.048718798580099684, -0.048718798580099684, 0.048718798580099684, 0.9512812014199004, -0.2029284005247706, 0.2029284005247706], [0.011696348706984449, -0.011696348706984449, -0.04871879858009968, 0.04871879858009968, -0.048718798580099684, 0.048718798580099684, 0.2029284005247706, -0.2029284005247706, -0.048718798580099684, 0.048718798580099684, 0.2029284005247706, -0.2029284005247706, 0.2029284005247706, -0.2029284005247706, 0.1547423799493568, 0.8452576200506432], [-0.011696348706984449, 0.011696348706984449, 0.04871879858009968, -0.04871879858009968, 0.048718798580099684, -0.048718798580099684, -0.2029284005247706, 0.2029284005247706, 0.048718798580099684, -0.048718798580099684, -0.2029284005247706, 0.2029284005247706, -0.2029284005247706, 0.2029284005247706, 0.8452576200506432, 0.1547423799493568]], '[False, False, False]': [[0.1547423799493568, 0.8452576200506432, 0.20292840052477076, -0.20292840052477076, 0.20292840052477076, -0.20292840052477076, -0.048718798580099754, 0.048718798580099754, 0.20292840052477076, -0.20292840052477076, -0.048718798580099754, 0.048718798580099754, -0.048718798580099754, 0.048718798580099754, 0.011696348706984475, -0.011696348706984475], [0.8452576200506432, 0.1547423799493568, -0.20292840052477076, 0.20292840052477076, -0.20292840052477076, 0.20292840052477076, 0.048718798580099754, -0.048718798580099754, -0.20292840052477076, 0.20292840052477076, 0.048718798580099754, -0.048718798580099754, 0.048718798580099754, -0.048718798580099754, -0.011696348706984475, 0.011696348706984475], [0.20292840052477076, -0.20292840052477076, 0.9512812014199002, 0.04871879858009976, -0.04871879858009976, 0.04871879858009976, 0.011696348706984475, -0.011696348706984475, -0.04871879858009976, 0.04871879858009976, 0.011696348706984475, -0.011696348706984475, 0.011696348706984475, -0.011696348706984475, -0.002808044883341154, 0.002808044883341154], [-0.20292840052477076, 0.20292840052477076, 0.04871879858009976, 0.9512812014199002, 0.04871879858009976, -0.04871879858009976, -0.011696348706984475, 0.011696348706984475, 0.04871879858009976, -0.04871879858009976, -0.011696348706984475, 0.011696348706984475, -0.011696348706984475, 0.011696348706984475, 0.002808044883341154, -0.002808044883341154], [0.20292840052477076, -0.20292840052477076, -0.04871879858009976, 0.04871879858009976, 0.9512812014199002, 0.04871879858009976, 0.011696348706984475, -0.011696348706984475, -0.04871879858009976, 0.04871879858009976, 0.011696348706984475, -0.011696348706984475, 0.011696348706984475, -0.011696348706984475, -0.002808044883341154, 0.002808044883341154], [-0.20292840052477076, 0.20292840052477076, 0.04871879858009976, -0.04871879858009976, 0.04871879858009976, 0.9512812014199002, -0.011696348706984475, 0.011696348706984475, 0.04871879858009976, -0.04871879858009976, -0.011696348706984475, 0.011696348706984475, -0.011696348706984475, 0.011696348706984475, 0.002808044883341154, -0.002808044883341154], [-0.048718798580099754, 0.048718798580099754, 0.011696348706984475, -0.011696348706984475, 0.011696348706984475, -0.011696348706984475, 0.9971919551166588, 0.002808044883341154, 0.011696348706984475, -0.011696348706984475, -0.002808044883341154, 0.002808044883341154, -0.002808044883341154, 0.002808044883341154, 0.0006741519310338139, -0.0006741519310338139], [0.048718798580099754, -0.048718798580099754, -0.011696348706984475, 0.011696348706984475, -0.011696348706984475, 0.011696348706984475, 0.002808044883341154, 0.9971919551166588, -0.011696348706984475, 0.011696348706984475, 0.002808044883341154, -0.002808044883341154, 0.002808044883341154, -0.002808044883341154, -0.0006741519310338139, 0.0006741519310338139], [0.20292840052477076, -0.20292840052477076, -0.04871879858009976, 0.04871879858009976, -0.04871879858009976, 0.04871879858009976, 0.011696348706984475, -0.011696348706984475, 0.9512812014199002, 0.04871879858009976, 0.011696348706984475, -0.011696348706984475, 0.011696348706984475, -0.011696348706984475, -0.002808044883341154, 0.002808044883341154], [-0.20292840052477076, 0.20292840052477076, 0.04871879858009976, -0.04871879858009976, 0.04871879858009976, -0.04871879858009976, -0.011696348706984475, 0.011696348706984475, 0.04871879858009976, 0.9512812014199002, -0.011696348706984475, 0.011696348706984475, -0.011696348706984475, 0.011696348706984475, 0.002808044883341154, -0.002808044883341154], [-0.048718798580099754, 0.048718798580099754, 0.011696348706984475, -0.011696348706984475, 0.011696348706984475, -0.011696348706984475, -0.002808044883341154, 0.002808044883341154, 0.011696348706984475, -0.011696348706984475, 0.9971919551166588, 0.002808044883341154, -0.002808044883341154, 0.002808044883341154, 0.0006741519310338139, -0.0006741519310338139], [0.048718798580099754, -0.048718798580099754, -0.011696348706984475, 0.011696348706984475, -0.011696348706984475, 0.011696348706984475, 0.002808044883341154, -0.002808044883341154, -0.011696348706984475, 0.011696348706984475, 0.002808044883341154, 0.9971919551166588, 0.002808044883341154, -0.002808044883341154, -0.0006741519310338139, 0.0006741519310338139], [-0.048718798580099754, 0.048718798580099754, 0.011696348706984475, -0.011696348706984475, 0.011696348706984475, -0.011696348706984475, -0.002808044883341154, 0.002808044883341154, 0.011696348706984475, -0.011696348706984475, -0.002808044883341154, 0.002808044883341154, 0.9971919551166588, 0.002808044883341154, 0.0006741519310338139, -0.0006741519310338139], [0.048718798580099754, -0.048718798580099754, -0.011696348706984475, 0.011696348706984475, -0.011696348706984475, 0.011696348706984475, 0.002808044883341154, -0.002808044883341154, -0.011696348706984475, 0.011696348706984475, 0.002808044883341154, -0.002808044883341154, 0.002808044883341154, 0.9971919551166588, -0.0006741519310338139, 0.0006741519310338139], [0.011696348706984475, -0.011696348706984475, -0.002808044883341154, 0.002808044883341154, -0.002808044883341154, 0.002808044883341154, 0.0006741519310338139, -0.0006741519310338139, -0.002808044883341154, 0.002808044883341154, 0.0006741519310338139, -0.0006741519310338139, 0.0006741519310338139, -0.0006741519310338139, 0.9998381504409659, 0.0001618495590340621], [-0.011696348706984475, 0.011696348706984475, 0.002808044883341154, -0.002808044883341154, 0.002808044883341154, -0.002808044883341154, -0.0006741519310338139, 0.0006741519310338139, 0.002808044883341154, -0.002808044883341154, -0.000674